0.017909 0.022217 0.019897 0.021021 0.043913 0.099977 0.111303 0.063554 0.034425 0.130198 0.147117 0.100252 0.023239 0.027011 0.018366 0.012836 0.014171 0.017809 0.013918 0.010043 0.005665 0.003907 0.002527 0.003611 0.002916 0.002632 0.002325 0.001092 0.005378 0.007828 0.006653 0.006394 
0.011254 0.098023 0.455721 0.317992 0.008102 0.020567 0.020607 0.013339 0.001929 0.002530 0.001176 0.004981 0.001657 0.001260 0.000777 0.001406 0.001993 0.002610 0.001177 0.003404 0.001472 0.001667 0.000661 0.001870 0.001026 0.000808 0.000407 0.000343 0.002725 0.004445 0.008139 0.006033 
0.026769 0.109354 0.102176 0.063822 0.081454 0.314536 0.135061 0.053298 0.015818 0.019624 0.007245 0.015872 0.008011 0.004191 0.001343 0.001506 0.005289 0.007882 0.004230 0.003183 0.002410 0.002185 0.001140 0.002778 0.001074 0.001009 0.000245 0.000224 0.002177 0.002536 0.001628 0.002033 
0.034650 0.026716 0.015013 0.012446 0.294533 0.049127 0.010785 0.010869 0.316593 0.030956 0.005562 0.023049 0.089715 0.016475 0.003216 0.003261 0.017447 0.012499 0.006338 0.004444 0.004049 0.000920 0.000427 0.001492 0.001415 0.000871 0.000144 0.000090 0.002986 0.001796 0.001279 0.000940 
0.023944 0.014903 0.006019 0.006000 0.067248 0.026342 0.007795 0.005672 0.088760 0.029716 0.007108 0.015840 0.198730 0.066544 0.013718 0.011703 0.112141 0.182376 0.053984 0.029290 0.008608 0.003199 0.001545 0.003914 0.002879 0.000643 0.000360 0.000271 0.004269 0.002805 0.002149 0.001628 
0.054463 0.026617 0.008363 0.007863 0.271749 0.045051 0.008342 0.008085 0.146970 0.022255 0.004263 0.017015 0.198463 0.033935 0.006384 0.006612 0.060915 0.032222 0.008652 0.007269 0.007670 0.001712 0.000933 0.001537 0.002515 0.000362 0.000149 0.000125 0.004966 0.001849 0.001929 0.000868 
0.031394 0.021830 0.013269 0.012712 0.041516 0.025041 0.012714 0.009694 0.024976 0.014294 0.005289 0.009102 0.046644 0.021111 0.007797 0.005614 0.107092 0.262408 0.173460 0.053552 0.029480 0.018030 0.007487 0.009953 0.007382 0.002314 0.001079 0.000838 0.010051 0.005545 0.004296 0.004140 
0.015382 0.019604 0.016838 0.015016 0.022520 0.024366 0.010929 0.007382 0.020866 0.049380 0.036325 0.026437 0.032636 0.103892 0.237715 0.209333 0.016150 0.031099 0.037091 0.034757 0.005478 0.002698 0.001418 0.002156 0.003097 0.000668 0.000542 0.000490 0.004022 0.003405 0.003968 0.004443 
0.010458 0.004638 0.002495 0.002896 0.015079 0.004349 0.002063 0.001762 0.013115 0.003114 0.000883 0.006988 0.053399 0.010879 0.002766 0.004541 0.352932 0.396736 0.045111 0.027616 0.017614 0.005130 0.001581 0.004253 0.002496 0.000434 0.000168 0.000115 0.003213 0.001457 0.001177 0.000647 
0.023208 0.020207 0.011449 0.011224 0.029682 0.019631 0.008611 0.006058 0.015588 0.007243 0.002692 0.006744 0.027944 0.018398 0.009405 0.005491 0.042777 0.158803 0.451067 0.063639 0.012972 0.011903 0.006528 0.007674 0.004368 0.001238 0.000427 0.000306 0.006879 0.003438 0.002280 0.002230 
0.020898 0.012318 0.006700 0.005279 0.038120 0.010605 0.003459 0.002392 0.079534 0.008057 0.002490 0.016225 0.637212 0.038336 0.005829 0.014520 0.063286 0.014837 0.003103 0.004630 0.004329 0.000421 0.000212 0.000545 0.001593 0.000129 0.000057 0.000077 0.002288 0.001193 0.000781 0.000648 
0.235115 0.446657 0.069803 0.036484 0.056267 0.027959 0.006234 0.005855 0.008802 0.002467 0.000793 0.006282 0.009006 0.001943 0.000877 0.001573 0.010816 0.006073 0.003807 0.002651 0.010579 0.002811 0.000948 0.002380 0.005606 0.000803 0.000339 0.000406 0.021169 0.009771 0.003385 0.002444 
0.017153 0.035297 0.013497 0.011208 0.085685 0.224630 0.054131 0.019103 0.039665 0.034147 0.009011 0.016240 0.042987 0.020117 0.004617 0.004527 0.054583 0.247546 0.034287 0.013954 0.005189 0.003302 0.000897 0.002730 0.001122 0.000230 0.000093 0.000097 0.001789 0.000843 0.000616 0.000813 
0.097683 0.328066 0.198090 0.093123 0.048433 0.046020 0.022251 0.015904 0.010261 0.006133 0.001978 0.006928 0.010893 0.004906 0.001708 0.002473 0.012735 0.009420 0.005092 0.005743 0.010057 0.005242 0.002263 0.002513 0.005786 0.002049 0.000691 0.000432 0.014567 0.014069 0.008455 0.006142 
0.011037 0.073688 0.316226 0.492560 0.008032 0.017294 0.018313 0.015544 0.001544 0.002262 0.001330 0.005334 0.001135 0.001190 0.000760 0.001470 0.001050 0.001187 0.001331 0.002039 0.001487 0.001179 0.000553 0.001592 0.000807 0.000721 0.000299 0.000344 0.001985 0.003935 0.005640 0.008234 
0.006989 0.090408 0.698659 0.143145 0.005415 0.009244 0.013030 0.005309 0.000970 0.000798 0.000372 0.004134 0.000726 0.000518 0.000299 0.000957 0.001075 0.001753 0.001034 0.003395 0.000828 0.000343 0.000268 0.001579 0.000605 0.000207 0.000127 0.000208 0.001106 0.002133 0.002436 0.002034 
0.017379 0.007983 0.003160 0.003465 0.036816 0.010875 0.003179 0.002315 0.050224 0.007591 0.001910 0.011997 0.377981 0.030809 0.005385 0.011528 0.320600 0.044470 0.007257 0.010769 0.021098 0.001497 0.001636 0.002387 0.001875 0.000252 0.000135 0.000097 0.003370 0.000977 0.000696 0.000391 
0.019670 0.016056 0.009893 0.012522 0.039290 0.033755 0.017321 0.010815 0.046829 0.044993 0.017899 0.017014 0.063727 0.060386 0.021292 0.011693 0.042639 0.133147 0.265765 0.066785 0.010077 0.007954 0.005892 0.006314 0.002802 0.001254 0.000613 0.000404 0.004169 0.003141 0.002864 0.003130 
0.049436 0.047303 0.032052 0.028149 0.029380 0.024987 0.014171 0.012489 0.015198 0.014673 0.007628 0.010028 0.026622 0.016270 0.008769 0.007238 0.054695 0.064718 0.040846 0.028698 0.059723 0.064108 0.034987 0.025479 0.037554 0.047627 0.035286 0.023161 0.040253 0.045788 0.032265 0.020523 
0.132350 0.297713 0.054847 0.025777 0.245881 0.085815 0.011491 0.008671 0.038104 0.006382 0.001198 0.009025 0.024287 0.004422 0.001198 0.001639 0.013281 0.009132 0.004377 0.002159 0.005160 0.002102 0.000658 0.001503 0.002283 0.000381 0.000121 0.000176 0.004984 0.002711 0.001299 0.000976 
0.018501 0.037769 0.014133 0.014146 0.271294 0.417134 0.066444 0.029563 0.039041 0.023498 0.005450 0.018030 0.013168 0.004000 0.001024 0.001217 0.008000 0.006179 0.001917 0.001911 0.001903 0.000556 0.000439 0.002155 0.000496 0.000084 0.000053 0.000079 0.000870 0.000352 0.000306 0.000392 
0.040226 0.338749 0.373929 0.111701 0.021475 0.031368 0.013478 0.006719 0.003353 0.002325 0.000645 0.004547 0.003173 0.001637 0.000716 0.001076 0.003475 0.004870 0.003105 0.002955 0.003893 0.001765 0.000722 0.001493 0.002218 0.000752 0.000233 0.000222 0.005894 0.006893 0.004478 0.002020 
0.404099 0.282116 0.056001 0.036792 0.060047 0.021840 0.005784 0.005727 0.006207 0.002051 0.000653 0.006403 0.007799 0.001228 0.000475 0.001777 0.012076 0.006875 0.003024 0.003887 0.013835 0.003115 0.002045 0.003704 0.007904 0.001064 0.000432 0.000661 0.029487 0.007284 0.003145 0.002567 
0.026864 0.083548 0.166018 0.239176 0.059167 0.177620 0.082453 0.052236 0.013086 0.018985 0.007525 0.013611 0.007036 0.004911 0.002246 0.002341 0.003593 0.004388 0.002389 0.002785 0.002248 0.002236 0.001152 0.002676 0.000826 0.000892 0.000499 0.000429 0.002483 0.003608 0.004447 0.008631 
0.070761 0.026743 0.008847 0.008816 0.262171 0.054330 0.010463 0.008236 0.069556 0.010769 0.002968 0.011515 0.094599 0.009309 0.002623 0.003660 0.209941 0.052246 0.008718 0.010561 0.032508 0.005265 0.001853 0.003122 0.005128 0.000649 0.000261 0.000179 0.008575 0.002607 0.001956 0.001170 
0.030077 0.038307 0.014845 0.016097 0.475454 0.243361 0.040341 0.025530 0.039586 0.015499 0.003645 0.015975 0.012086 0.003162 0.000805 0.000892 0.006413 0.005468 0.002233 0.001948 0.001575 0.000759 0.000648 0.002495 0.000438 0.000072 0.000046 0.000071 0.000812 0.000487 0.000565 0.000411 
0.026243 0.030390 0.013099 0.011329 0.268243 0.174268 0.041751 0.022965 0.139794 0.075505 0.020803 0.029981 0.055613 0.022634 0.006710 0.004712 0.016378 0.016916 0.006430 0.004272 0.002593 0.001191 0.000677 0.001613 0.000883 0.000530 0.000160 0.000128 0.001535 0.000960 0.000936 0.000861 
0.041889 0.017767 0.007971 0.006672 0.101088 0.026028 0.007920 0.005468 0.094335 0.024740 0.006432 0.014041 0.196888 0.025734 0.005870 0.006804 0.272788 0.059999 0.011476 0.012646 0.022583 0.003153 0.001806 0.003680 0.004446 0.000723 0.000325 0.000301 0.007709 0.003739 0.003062 0.002020 
0.049226 0.086286 0.079802 0.064586 0.066430 0.129606 0.133768 0.079571 0.026891 0.032034 0.017440 0.024474 0.024711 0.015148 0.006297 0.004814 0.021834 0.021472 0.014568 0.011281 0.016700 0.009979 0.005510 0.006874 0.006315 0.003106 0.001245 0.001223 0.010176 0.009682 0.009922 0.009134 
0.057495 0.065733 0.036231 0.028062 0.139319 0.108662 0.037795 0.023199 0.071398 0.047672 0.015850 0.021549 0.064807 0.035377 0.012234 0.008494 0.054116 0.058583 0.025801 0.019249 0.016462 0.007115 0.003815 0.005555 0.005315 0.002262 0.001148 0.000569 0.008949 0.006336 0.005835 0.005116 
0.016567 0.047208 0.130874 0.214168 0.026063 0.097405 0.170706 0.163378 0.008112 0.017861 0.013487 0.023888 0.006337 0.004750 0.002476 0.002759 0.004526 0.006164 0.004413 0.004352 0.002041 0.002233 0.001942 0.003776 0.000773 0.001039 0.000790 0.000754 0.001865 0.003659 0.006050 0.009690 
0.059104 0.441924 0.081513 0.038462 0.085139 0.172127 0.032170 0.014545 0.013724 0.008135 0.001768 0.008826 0.008280 0.002738 0.001143 0.001622 0.006011 0.004712 0.002917 0.003670 0.002350 0.000947 0.000332 0.001616 0.001444 0.000216 0.000089 0.000112 0.002246 0.001063 0.000512 0.000644 
0.107235 0.054042 0.024610 0.016913 0.042017 0.021782 0.010626 0.006693 0.011055 0.006034 0.002134 0.004831 0.016858 0.004757 0.001782 0.001492 0.050120 0.029973 0.013823 0.008273 0.241637 0.047425 0.011175 0.010037 0.121631 0.012669 0.002707 0.002329 0.080654 0.019824 0.008519 0.006446 
0.010850 0.011265 0.018326 0.064766 0.011309 0.040463 0.147950 0.577888 0.004414 0.009992 0.013056 0.046137 0.003829 0.002819 0.001596 0.002232 0.003048 0.002536 0.001714 0.003848 0.001661 0.002262 0.001398 0.004567 0.000824 0.000663 0.000484 0.000538 0.002647 0.001840 0.001750 0.003434 
0.020316 0.011540 0.006975 0.008249 0.026080 0.014171 0.007521 0.005625 0.020141 0.011778 0.004375 0.007505 0.049743 0.028357 0.012383 0.009658 0.091981 0.173323 0.166414 0.242817 0.019288 0.011710 0.008541 0.017010 0.004509 0.002191 0.000999 0.000675 0.005934 0.003694 0.003031 0.003570 
0.013074 0.025745 0.015555 0.009202 0.073145 0.253529 0.079779 0.024682 0.061509 0.250128 0.057047 0.040610 0.020061 0.028471 0.009510 0.004982 0.006326 0.008421 0.003704 0.002711 0.002551 0.001287 0.000577 0.001635 0.000618 0.000344 0.000264 0.000312 0.001451 0.001149 0.000756 0.000968 
0.012556 0.023556 0.025097 0.020424 0.040195 0.114146 0.179090 0.077324 0.026611 0.032261 0.020705 0.024884 0.038214 0.019407 0.004740 0.003992 0.063891 0.178771 0.047674 0.018250 0.007452 0.005511 0.002381 0.003926 0.001354 0.000553 0.000303 0.000246 0.001795 0.001818 0.001148 0.001829 
0.006569 0.013614 0.024245 0.037351 0.021050 0.118045 0.333883 0.317015 0.006858 0.019922 0.021193 0.040159 0.005320 0.003541 0.001464 0.001794 0.003902 0.004100 0.003128 0.002943 0.001508 0.002568 0.001249 0.003837 0.000456 0.000288 0.000195 0.000405 0.000966 0.000627 0.000588 0.001322 
0.024166 0.014311 0.006257 0.004543 0.104253 0.026603 0.006012 0.005332 0.273625 0.034419 0.006711 0.023270 0.310275 0.048073 0.008306 0.008986 0.039330 0.025531 0.007719 0.006267 0.004284 0.001202 0.000509 0.001232 0.001478 0.000296 0.000189 0.000103 0.003922 0.001361 0.000899 0.000639 
0.024219 0.177938 0.502988 0.120259 0.017273 0.040381 0.026877 0.009705 0.003629 0.003761 0.001430 0.005125 0.002528 0.001978 0.001034 0.001631 0.004060 0.006591 0.005819 0.004977 0.004051 0.002420 0.001199 0.002740 0.002461 0.000650 0.000286 0.000220 0.005535 0.005562 0.008602 0.004183 
0.070071 0.138759 0.177668 0.114298 0.230995 0.079538 0.029076 0.019245 0.034085 0.008009 0.002431 0.009654 0.019235 0.004201 0.001205 0.001860 0.012230 0.007332 0.003024 0.003005 0.004679 0.002394 0.000866 0.001972 0.001815 0.000731 0.000279 0.000248 0.004090 0.003956 0.005774 0.007379 
0.044082 0.070459 0.130511 0.211533 0.035551 0.037740 0.030697 0.033989 0.019100 0.018809 0.013050 0.016776 0.025667 0.017625 0.008344 0.007878 0.031410 0.038025 0.027583 0.026004 0.018157 0.016271 0.009464 0.013611 0.008400 0.005856 0.003434 0.004521 0.013288 0.015171 0.018490 0.028610 
0.011940 0.016267 0.012872 0.010590 0.034806 0.075919 0.026929 0.012634 0.062591 0.533382 0.061942 0.038935 0.015392 0.037801 0.009361 0.004296 0.004185 0.006738 0.003577 0.002828 0.001518 0.001706 0.000324 0.000932 0.000961 0.001120 0.000199 0.000195 0.001696 0.002623 0.003924 0.001921 
0.032091 0.065107 0.150049 0.414428 0.027087 0.040244 0.035216 0.033136 0.007740 0.012585 0.006113 0.011485 0.006389 0.005764 0.003162 0.004601 0.007685 0.011278 0.007296 0.009240 0.005983 0.004051 0.002667 0.004988 0.002991 0.002176 0.001710 0.001374 0.006496 0.008920 0.017762 0.050290 
0.041175 0.049821 0.037615 0.030724 0.050117 0.054425 0.034455 0.022067 0.025202 0.025135 0.011904 0.013808 0.025650 0.023628 0.012583 0.011272 0.025229 0.040706 0.083191 0.275316 0.014358 0.011228 0.010769 0.027878 0.005998 0.002857 0.002154 0.002048 0.008726 0.006336 0.005898 0.007832 
0.024625 0.022023 0.012125 0.009035 0.040659 0.026308 0.009903 0.005828 0.023007 0.009936 0.002967 0.008968 0.050207 0.020833 0.004238 0.005828 0.101683 0.480219 0.059283 0.028805 0.018957 0.010034 0.002360 0.005098 0.003771 0.000919 0.000405 0.000470 0.005406 0.002697 0.001949 0.001560 
0.032263 0.052152 0.074551 0.108705 0.022203 0.028869 0.025851 0.025703 0.012691 0.020661 0.017391 0.021826 0.011989 0.012325 0.009535 0.008742 0.011983 0.013846 0.009219 0.013158 0.008890 0.009048 0.009244 0.010818 0.006393 0.008525 0.010166 0.011898 0.013611 0.031926 0.102341 0.243581 
0.039169 0.021716 0.011961 0.010615 0.050328 0.022939 0.010471 0.007129 0.027447 0.013956 0.005132 0.009763 0.064711 0.019751 0.006575 0.005280 0.262899 0.219052 0.054123 0.029833 0.042679 0.015907 0.005883 0.007547 0.008035 0.001751 0.000814 0.000699 0.010557 0.005027 0.004410 0.003949 
0.067011 0.035288 0.015146 0.011970 0.702351 0.043692 0.009231 0.015270 0.032899 0.003087 0.001086 0.009678 0.014452 0.001434 0.000399 0.000478 0.010444 0.004238 0.001952 0.001067 0.007792 0.001387 0.000530 0.001327 0.002053 0.000137 0.000041 0.000044 0.003475 0.000888 0.000672 0.000583 
0.037346 0.265121 0.072324 0.033143 0.084219 0.354742 0.055864 0.017888 0.010584 0.013116 0.003610 0.010958 0.006123 0.002077 0.000892 0.001189 0.005093 0.006755 0.003115 0.002157 0.002094 0.000976 0.000717 0.002241 0.001224 0.000279 0.000131 0.000157 0.001994 0.001929 0.001277 0.000767 
0.235158 0.109517 0.033647 0.028704 0.132034 0.190925 0.060640 0.026838 0.019754 0.016270 0.006682 0.011971 0.014519 0.004011 0.001182 0.001540 0.017704 0.010452 0.005594 0.004000 0.018691 0.005497 0.002057 0.003406 0.008405 0.001554 0.000616 0.000455 0.020254 0.004429 0.002014 0.001587 
0.035752 0.063847 0.056291 0.031891 0.013797 0.013410 0.006518 0.007638 0.009681 0.009420 0.004481 0.010211 0.007389 0.006080 0.003573 0.004054 0.007747 0.005607 0.004659 0.003137 0.012233 0.007476 0.003408 0.002514 0.020014 0.021695 0.006935 0.004363 0.050375 0.272113 0.239875 0.053919 
0.018700 0.054438 0.026802 0.022212 0.085139 0.486142 0.092946 0.030617 0.028739 0.041643 0.010025 0.020799 0.016641 0.009448 0.003060 0.002911 0.010390 0.012340 0.006507 0.004803 0.003085 0.001459 0.001082 0.002473 0.001169 0.000375 0.000268 0.000519 0.001943 0.001225 0.000872 0.001332 
0.007046 0.009778 0.012805 0.008820 0.022642 0.046234 0.047370 0.017595 0.026988 0.213511 0.346361 0.109028 0.017478 0.027303 0.022894 0.015842 0.006705 0.009912 0.006613 0.004544 0.001908 0.001639 0.000981 0.001879 0.000999 0.000716 0.000509 0.000719 0.001950 0.002408 0.002490 0.004434 
0.038576 0.032124 0.020110 0.016384 0.019076 0.014875 0.007959 0.006760 0.006371 0.006439 0.001784 0.005626 0.009511 0.005867 0.001817 0.002235 0.029052 0.055584 0.031245 0.012950 0.109894 0.355521 0.064963 0.024140 0.029502 0.032447 0.007583 0.004538 0.019095 0.016696 0.006928 0.004453 
0.027411 0.033459 0.036216 0.061618 0.033306 0.071301 0.143724 0.294990 0.017940 0.031431 0.026440 0.049352 0.016194 0.012806 0.005981 0.004936 0.022269 0.024612 0.018279 0.015008 0.008399 0.006087 0.003918 0.007436 0.003017 0.001386 0.001078 0.000654 0.005329 0.004519 0.004495 0.006513 
0.390122 0.082705 0.027722 0.028610 0.074278 0.023651 0.010368 0.008888 0.016803 0.005212 0.002425 0.007918 0.026188 0.006479 0.002023 0.003038 0.051011 0.023831 0.009584 0.009091 0.050756 0.011421 0.004295 0.005254 0.023325 0.003498 0.001607 0.002153 0.061497 0.012332 0.006901 0.007117 
0.008061 0.025273 0.022226 0.019094 0.051051 0.410935 0.287532 0.077076 0.011878 0.022349 0.012140 0.022267 0.005860 0.002456 0.000699 0.000989 0.004121 0.003922 0.002074 0.002300 0.001375 0.000733 0.000624 0.002285 0.000379 0.000172 0.000148 0.000131 0.000846 0.000367 0.000368 0.000371 
0.044117 0.086733 0.074578 0.069994 0.051859 0.088322 0.035827 0.022084 0.055661 0.226201 0.037154 0.031655 0.024529 0.037097 0.012055 0.005652 0.010374 0.011848 0.007642 0.004875 0.005592 0.002573 0.001329 0.002078 0.004295 0.002949 0.001807 0.000477 0.010212 0.012280 0.010288 0.007969 
0.006880 0.004969 0.002801 0.003474 0.009094 0.005242 0.002444 0.001870 0.007102 0.002720 0.000689 0.007255 0.019645 0.012854 0.002230 0.004102 0.073599 0.729046 0.052991 0.025627 0.007511 0.006155 0.001239 0.005321 0.001281 0.000347 0.000133 0.000098 0.001821 0.000858 0.000473 0.000233 
0.028390 0.188194 0.244070 0.103959 0.052778 0.162209 0.077988 0.030865 0.013741 0.016932 0.006131 0.010796 0.008858 0.005468 0.001930 0.002429 0.006547 0.005946 0.002937 0.002598 0.002994 0.001467 0.000900 0.002481 0.001501 0.000785 0.000292 0.000311 0.002924 0.004330 0.005281 0.004072 
0.011249 0.009314 0.005588 0.006214 0.034682 0.024821 0.009217 0.005242 0.053104 0.052004 0.014548 0.018295 0.110940 0.120010 0.020708 0.014238 0.064973 0.327883 0.053695 0.023516 0.004091 0.002980 0.000921 0.002317 0.001131 0.000410 0.000161 0.000138 0.002108 0.002297 0.001815 0.001494 
0.075541 0.223299 0.081848 0.044313 0.106148 0.155907 0.052054 0.025952 0.030443 0.027068 0.009618 0.014534 0.023263 0.011626 0.004092 0.003878 0.023506 0.021313 0.011360 0.008666 0.008586 0.004266 0.002338 0.003132 0.003770 0.001044 0.000421 0.000517 0.008073 0.006297 0.004029 0.003201 
0.091124 0.111897 0.058392 0.037056 0.411125 0.071427 0.018628 0.016177 0.043008 0.009021 0.003296 0.010888 0.025832 0.005975 0.001663 0.001654 0.016268 0.012373 0.006674 0.004689 0.008787 0.002812 0.001558 0.002258 0.004328 0.001887 0.000810 0.001074 0.006535 0.003752 0.004615 0.004521 
0.042449 0.031414 0.009471 0.008889 0.240747 0.066059 0.010540 0.008379 0.063156 0.018827 0.004478 0.013227 0.061672 0.019666 0.003994 0.004285 0.074208 0.244582 0.036824 0.015840 0.006372 0.003468 0.001187 0.002904 0.001559 0.000276 0.000140 0.000120 0.002625 0.001151 0.000815 0.000777 
0.158336 0.086080 0.032750 0.021396 0.077979 0.023138 0.008919 0.006688 0.027599 0.008310 0.002483 0.007678 0.060271 0.008360 0.002524 0.003185 0.216510 0.055767 0.014973 0.012014 0.065433 0.010874 0.003944 0.005150 0.018326 0.002264 0.000871 0.000542 0.035538 0.010840 0.006686 0.004675 
0.037769 0.126261 0.325105 0.102413 0.027408 0.027151 0.021916 0.011277 0.012951 0.009231 0.003526 0.006515 0.018023 0.007179 0.003127 0.005144 0.032604 0.044275 0.033920 0.017275 0.022870 0.013133 0.004462 0.006433 0.011706 0.003510 0.001170 0.001107 0.016207 0.015609 0.020912 0.009916 
0.079625 0.161067 0.139709 0.079914 0.035325 0.031917 0.018777 0.014397 0.013805 0.009937 0.005227 0.008978 0.017550 0.009086 0.004870 0.005504 0.029713 0.019968 0.010979 0.011396 0.039707 0.021433 0.009776 0.008484 0.026853 0.014378 0.004553 0.002476 0.044346 0.060102 0.037758 0.022492 
0.041013 0.026401 0.008908 0.009701 0.217675 0.063245 0.012280 0.008716 0.071164 0.021276 0.005269 0.012778 0.057939 0.023356 0.006646 0.004860 0.040921 0.096348 0.179795 0.062841 0.006562 0.003238 0.003358 0.006016 0.001752 0.000479 0.000210 0.000167 0.003278 0.001488 0.001088 0.001335 
0.036951 0.050628 0.030336 0.023605 0.072237 0.142205 0.078054 0.035880 0.036849 0.029704 0.012134 0.016451 0.058255 0.011201 0.003158 0.003430 0.220139 0.057034 0.009745 0.009995 0.026572 0.006781 0.002788 0.003646 0.004287 0.001201 0.000673 0.000370 0.006950 0.003450 0.002888 0.002507 
0.005205 0.004718 0.003382 0.006114 0.007712 0.004934 0.001746 0.002082 0.005300 0.002944 0.001017 0.005121 0.008876 0.007923 0.004588 0.003362 0.013979 0.093239 0.719960 0.069810 0.003904 0.005354 0.004637 0.007352 0.001367 0.000513 0.000167 0.000141 0.001508 0.001058 0.001053 0.001036 
0.058726 0.110856 0.043795 0.030215 0.263758 0.247897 0.048635 0.025099 0.036731 0.017748 0.004725 0.014044 0.022704 0.006044 0.001828 0.001890 0.017936 0.014346 0.005751 0.004618 0.004852 0.002197 0.000907 0.002736 0.001899 0.000429 0.000139 0.000132 0.004046 0.001937 0.001906 0.001580 
0.010726 0.009573 0.006842 0.009309 0.014727 0.010258 0.005276 0.004364 0.010851 0.007458 0.004026 0.005920 0.020876 0.020107 0.009896 0.007275 0.025689 0.108021 0.324963 0.336367 0.007843 0.007661 0.006493 0.012675 0.002151 0.001049 0.000429 0.000302 0.003097 0.002047 0.001464 0.002369 
0.055548 0.168264 0.092271 0.043537 0.047788 0.051569 0.020283 0.012271 0.014969 0.008218 0.002356 0.007506 0.025944 0.009264 0.002407 0.003119 0.071221 0.240952 0.041503 0.015736 0.019624 0.010534 0.002711 0.004341 0.005102 0.001225 0.000432 0.000304 0.009365 0.005622 0.003504 0.002611 
0.046515 0.511092 0.237506 0.087629 0.019216 0.030723 0.009524 0.006125 0.002557 0.001520 0.000488 0.004734 0.002295 0.001140 0.000371 0.000859 0.003015 0.002985 0.002209 0.002599 0.002457 0.001069 0.000574 0.001442 0.001488 0.001158 0.000333 0.000197 0.004916 0.006371 0.004384 0.002613 
0.030848 0.026951 0.027738 0.028925 0.246232 0.174461 0.197862 0.094734 0.036790 0.022939 0.015554 0.025605 0.018856 0.004626 0.001461 0.001955 0.012767 0.008135 0.003707 0.002436 0.004652 0.001698 0.000888 0.002327 0.001708 0.000494 0.000204 0.000188 0.002119 0.000984 0.001062 0.001196 
0.011952 0.020673 0.052770 0.185571 0.006045 0.007163 0.008490 0.015251 0.001834 0.003901 0.003585 0.010818 0.002005 0.002718 0.002400 0.002797 0.003220 0.007836 0.002677 0.002775 0.002656 0.002237 0.001761 0.005252 0.002683 0.002118 0.002638 0.006912 0.004436 0.012605 0.057908 0.544419 
0.044709 0.025441 0.013453 0.010268 0.045693 0.024289 0.012813 0.009507 0.027754 0.008876 0.003741 0.009365 0.085569 0.011682 0.003352 0.004777 0.463984 0.065325 0.015141 0.016637 0.051517 0.006755 0.002582 0.004114 0.007537 0.001087 0.000385 0.000248 0.012216 0.004652 0.003644 0.002988 
0.008418 0.072698 0.300407 0.125728 0.017664 0.107416 0.221842 0.066510 0.005148 0.010892 0.009229 0.012662 0.004987 0.002629 0.001361 0.001641 0.002933 0.004553 0.002650 0.003428 0.001481 0.001149 0.000750 0.002314 0.000613 0.000743 0.000271 0.000264 0.001473 0.001641 0.004187 0.002422 
0.018761 0.016647 0.009384 0.007439 0.103454 0.087065 0.022721 0.012043 0.200211 0.166274 0.034340 0.035768 0.106033 0.060775 0.015175 0.009373 0.027283 0.026770 0.012062 0.007311 0.004406 0.001815 0.000797 0.001611 0.001879 0.000564 0.000227 0.000208 0.003270 0.002640 0.002069 0.001730 
0.013873 0.033830 0.047520 0.032281 0.039331 0.163727 0.366463 0.106285 0.018773 0.030773 0.026232 0.028324 0.017991 0.007815 0.002888 0.002610 0.012665 0.011853 0.008158 0.006113 0.004106 0.002507 0.001144 0.002898 0.001235 0.001307 0.000439 0.000273 0.002294 0.002257 0.002211 0.001927 
0.048244 0.017760 0.009827 0.007094 0.041603 0.016256 0.007641 0.005289 0.016702 0.007605 0.002675 0.006480 0.032377 0.007932 0.001864 0.002376 0.211165 0.084583 0.027028 0.013408 0.306708 0.040125 0.009247 0.008490 0.029287 0.003143 0.000975 0.000503 0.022441 0.005513 0.003418 0.002344 
0.007334 0.033704 0.013348 0.015521 0.083733 0.672717 0.079064 0.024452 0.011826 0.014053 0.003507 0.015312 0.004461 0.002424 0.000501 0.000774 0.002304 0.003721 0.001237 0.001313 0.001613 0.000800 0.000330 0.002029 0.000787 0.000190 0.000068 0.000076 0.001091 0.000696 0.000607 0.000511 
0.002504 0.010500 0.071341 0.841199 0.001413 0.005092 0.007926 0.021136 0.000283 0.000746 0.000701 0.004651 0.000476 0.000326 0.000288 0.001324 0.000214 0.000233 0.000266 0.001692 0.000202 0.000336 0.000314 0.001454 0.000200 0.000207 0.000228 0.000370 0.000644 0.000939 0.002080 0.020817 
0.011085 0.008747 0.003688 0.004622 0.016290 0.009208 0.003137 0.002572 0.010357 0.005005 0.001697 0.006423 0.026052 0.017400 0.005708 0.004355 0.064021 0.401993 0.290978 0.066668 0.010680 0.008637 0.003670 0.006553 0.002312 0.000660 0.000355 0.000238 0.002785 0.001412 0.001249 0.001545 
0.009778 0.012873 0.008931 0.007229 0.026435 0.018506 0.007184 0.004328 0.046532 0.054344 0.008553 0.016744 0.111342 0.424765 0.062165 0.023809 0.020063 0.074779 0.030236 0.015605 0.002059 0.001712 0.000567 0.001009 0.000965 0.000334 0.000148 0.000130 0.001775 0.003013 0.002963 0.001225 
0.017748 0.018974 0.013491 0.011374 0.045704 0.044678 0.019517 0.013282 0.071540 0.096931 0.026989 0.028874 0.099157 0.190207 0.070756 0.030742 0.026093 0.066431 0.044261 0.026621 0.004953 0.002853 0.001482 0.002640 0.002626 0.001697 0.000505 0.000366 0.004530 0.005619 0.006101 0.003363 
0.005473 0.014209 0.025935 0.019364 0.017102 0.161422 0.558026 0.120297 0.004060 0.011484 0.012066 0.024504 0.003398 0.002837 0.000801 0.001024 0.002128 0.002912 0.001583 0.001421 0.001431 0.001170 0.000470 0.003168 0.000637 0.000232 0.000057 0.000107 0.000565 0.000780 0.000945 0.000495 
0.007917 0.011586 0.012883 0.022367 0.017816 0.043425 0.067287 0.086315 0.015100 0.067626 0.183213 0.364072 0.007723 0.009586 0.011691 0.011344 0.004825 0.005846 0.004563 0.010218 0.001874 0.001937 0.002068 0.004581 0.001145 0.002295 0.002119 0.001690 0.001345 0.003048 0.004319 0.008280 
0.012194 0.022258 0.014859 0.011542 0.095961 0.182949 0.068456 0.023423 0.112427 0.045765 0.012964 0.023469 0.210521 0.035911 0.006100 0.007419 0.052501 0.037412 0.006703 0.005882 0.002992 0.000939 0.000472 0.001517 0.000753 0.000205 0.000290 0.000143 0.001469 0.000978 0.000672 0.000958 
0.005435 0.004559 0.004088 0.006886 0.005339 0.003703 0.001887 0.002083 0.003008 0.002267 0.001048 0.003310 0.006561 0.008315 0.006221 0.006983 0.010192 0.028612 0.075708 0.762371 0.003384 0.003423 0.005465 0.031130 0.000923 0.000908 0.000576 0.000442 0.001147 0.001126 0.001127 0.001877 
0.082241 0.376191 0.061362 0.025028 0.038887 0.034832 0.010067 0.006362 0.014735 0.006306 0.001532 0.006190 0.023553 0.007470 0.002110 0.003118 0.057696 0.079493 0.038775 0.023013 0.031608 0.011825 0.002794 0.003246 0.009795 0.002386 0.000717 0.000464 0.016832 0.013151 0.005080 0.003246 
0.054065 0.170181 0.091901 0.043307 0.040518 0.045432 0.019279 0.011409 0.012326 0.005629 0.001790 0.005832 0.016603 0.008280 0.002847 0.002728 0.028473 0.101001 0.217639 0.049955 0.014741 0.012858 0.006161 0.005636 0.005174 0.001969 0.000663 0.000445 0.009683 0.006406 0.003897 0.003276 
0.030092 0.017171 0.010719 0.008193 0.057399 0.023129 0.008353 0.006234 0.090189 0.031552 0.007179 0.017887 0.383458 0.111960 0.015712 0.015382 0.059749 0.055772 0.015156 0.011414 0.006783 0.001170 0.000655 0.001257 0.001748 0.000345 0.000218 0.000113 0.006118 0.002303 0.001674 0.001018 
0.071510 0.695979 0.078271 0.036855 0.022801 0.033803 0.005158 0.004707 0.002979 0.001465 0.000345 0.005316 0.003674 0.001164 0.000265 0.000887 0.003508 0.004331 0.003292 0.001983 0.004860 0.002086 0.000500 0.001385 0.002099 0.000301 0.000112 0.000147 0.004340 0.003450 0.001766 0.000767 
0.216274 0.189778 0.058511 0.038365 0.059977 0.031254 0.013551 0.009470 0.016016 0.008212 0.003201 0.006873 0.020966 0.007232 0.002764 0.002543 0.044291 0.029644 0.012720 0.010161 0.055554 0.019093 0.007186 0.006950 0.025276 0.005165 0.001887 0.001550 0.054623 0.021900 0.010203 0.008912 
0.017147 0.008583 0.004900 0.003930 0.018698 0.005327 0.002040 0.001687 0.014258 0.003106 0.001145 0.008459 0.073832 0.006594 0.002190 0.005042 0.695889 0.053208 0.006825 0.015765 0.034245 0.002547 0.001119 0.002899 0.002651 0.000291 0.000104 0.000093 0.004269 0.001481 0.001020 0.000759 
0.020250 0.022890 0.020812 0.020071 0.011953 0.015855 0.013005 0.010194 0.006055 0.004901 0.002970 0.007773 0.006779 0.006086 0.003620 0.003683 0.016283 0.038145 0.032440 0.100287 0.014175 0.031312 0.062950 0.435320 0.007620 0.008295 0.009932 0.017738 0.010021 0.012038 0.010340 0.016310 
0.194937 0.071954 0.020641 0.019113 0.061614 0.027090 0.012889 0.010843 0.017446 0.008772 0.003223 0.007556 0.022947 0.010123 0.003490 0.003706 0.047647 0.091612 0.143709 0.075390 0.039138 0.017555 0.007711 0.009825 0.016281 0.002694 0.001311 0.000898 0.034249 0.007542 0.004182 0.004017 
0.022013 0.032645 0.016377 0.012603 0.114890 0.304912 0.075145 0.029173 0.077135 0.060277 0.017058 0.026884 0.054011 0.030480 0.007121 0.005222 0.030580 0.029984 0.011730 0.009377 0.008499 0.005092 0.002039 0.003492 0.002349 0.000907 0.000481 0.000320 0.003624 0.002610 0.001667 0.001408 
0.041972 0.019711 0.006739 0.006856 0.491046 0.054150 0.009570 0.011832 0.143785 0.018183 0.004518 0.017786 0.070168 0.013357 0.002656 0.003084 0.032692 0.022032 0.008774 0.004696 0.005931 0.001142 0.000543 0.001933 0.001608 0.000243 0.000129 0.000089 0.002809 0.000980 0.000601 0.000490 
0.094986 0.130095 0.054086 0.024601 0.105031 0.041129 0.010826 0.006951 0.095300 0.017831 0.004191 0.012454 0.173593 0.032749 0.006626 0.006970 0.062389 0.028221 0.011161 0.008441 0.014349 0.004847 0.001503 0.002232 0.006560 0.001200 0.000319 0.000231 0.016804 0.011380 0.008607 0.004439 
0.210436 0.082520 0.023797 0.019450 0.242059 0.049649 0.010924 0.008972 0.066384 0.016364 0.003713 0.010669 0.060427 0.012160 0.003427 0.003158 0.048638 0.022704 0.009347 0.006276 0.026521 0.006209 0.002409 0.002861 0.009616 0.002509 0.000759 0.000563 0.022348 0.007734 0.004240 0.003260 
0.011866 0.021147 0.081226 0.415104 0.009941 0.031214 0.081219 0.238325 0.003714 0.009969 0.008555 0.022292 0.002854 0.003496 0.002231 0.003335 0.003230 0.004002 0.003916 0.005153 0.001577 0.002339 0.002206 0.003980 0.000711 0.000873 0.000858 0.000886 0.001278 0.003325 0.004584 0.014696 
0.018198 0.037252 0.018698 0.015403 0.076655 0.194693 0.065126 0.027748 0.033396 0.034685 0.012929 0.017219 0.030349 0.021129 0.006698 0.004740 0.023791 0.092365 0.196861 0.048435 0.004526 0.003086 0.002500 0.005007 0.001258 0.000479 0.000276 0.000253 0.001996 0.001788 0.001334 0.001229 
0.167932 0.072127 0.024855 0.018127 0.033928 0.015178 0.006591 0.005357 0.010324 0.004442 0.001308 0.004060 0.013999 0.004425 0.001366 0.001384 0.019434 0.012555 0.007019 0.007247 0.056845 0.015062 0.003558 0.002990 0.114383 0.010695 0.001442 0.001190 0.292693 0.053454 0.009588 0.006546 
0.679157 0.081699 0.024153 0.036392 0.075171 0.013224 0.005085 0.006386 0.003867 0.000781 0.000446 0.004579 0.003990 0.000882 0.001006 0.000979 0.006633 0.003302 0.002096 0.001626 0.007246 0.002030 0.001127 0.002191 0.005187 0.000502 0.000394 0.000397 0.020373 0.003513 0.002723 0.002970 
0.432254 0.086116 0.020642 0.024393 0.260242 0.030304 0.007933 0.008444 0.025777 0.003506 0.000875 0.007004 0.019473 0.002359 0.000613 0.000877 0.017250 0.005767 0.002615 0.001970 0.010551 0.001441 0.000791 0.001528 0.004923 0.000394 0.000168 0.000260 0.015325 0.003363 0.001830 0.001112 
0.025915 0.026296 0.022450 0.017537 0.014584 0.015006 0.012182 0.006984 0.005126 0.003798 0.002819 0.005211 0.007986 0.005416 0.002181 0.001962 0.012662 0.024324 0.051374 0.027148 0.024867 0.123697 0.360974 0.092327 0.012047 0.018728 0.014738 0.006464 0.013847 0.018286 0.012624 0.010544 
0.011791 0.001536 0.000570 0.001014 0.945111 0.012334 0.002216 0.003829 0.009748 0.000543 0.000158 0.001306 0.003910 0.000192 0.000017 0.000019 0.001587 0.000179 0.000040 0.000033 0.001406 0.000118 0.000024 0.000184 0.000824 0.000024 0.000003 0.000003 0.001307 0.000056 0.000019 0.000004 
0.009767 0.033923 0.147767 0.644096 0.008156 0.016784 0.020857 0.031020 0.001697 0.003912 0.002329 0.007196 0.001385 0.001436 0.000915 0.001865 0.001085 0.001128 0.001322 0.002706 0.001210 0.001807 0.001415 0.002083 0.001028 0.001035 0.000634 0.000769 0.001500 0.003315 0.007629 0.038332 
0.013301 0.029850 0.030078 0.029451 0.058708 0.240445 0.228793 0.117824 0.031995 0.055022 0.032870 0.040481 0.019545 0.010866 0.003892 0.003627 0.010850 0.010272 0.005619 0.005302 0.003844 0.002693 0.001587 0.002995 0.001506 0.000672 0.000316 0.000353 0.001890 0.002227 0.001527 0.001706 
0.018795 0.017668 0.013282 0.013937 0.016721 0.011930 0.006892 0.005869 0.010064 0.008642 0.003504 0.005700 0.019097 0.018357 0.014318 0.013860 0.030775 0.065728 0.117285 0.497877 0.008032 0.008597 0.009628 0.039984 0.003566 0.001954 0.001292 0.001306 0.004374 0.003555 0.003119 0.004397 
0.186071 0.060386 0.014225 0.013585 0.071261 0.022256 0.007230 0.004750 0.018645 0.007249 0.002276 0.006425 0.028114 0.009973 0.001949 0.002520 0.090412 0.246332 0.038323 0.015679 0.044740 0.019506 0.006076 0.010288 0.014278 0.002101 0.000729 0.000583 0.028225 0.006821 0.003952 0.015145 
0.263629 0.052819 0.014053 0.021426 0.465507 0.038650 0.007634 0.010645 0.032259 0.003906 0.000950 0.008697 0.018546 0.002304 0.000702 0.000875 0.015837 0.004586 0.002329 0.001290 0.009261 0.001527 0.000763 0.001161 0.004006 0.000355 0.000117 0.000101 0.011630 0.002077 0.001590 0.000873 
0.262705 0.189266 0.197678 0.129756 0.046065 0.023218 0.014524 0.011078 0.005420 0.002388 0.001124 0.008069 0.005458 0.002097 0.001210 0.002394 0.008494 0.003879 0.002418 0.004954 0.010371 0.003796 0.002350 0.005438 0.006887 0.001521 0.000856 0.001148 0.020552 0.009737 0.006940 0.008314 
0.017075 0.017136 0.009119 0.006003 0.115483 0.044994 0.011450 0.007816 0.510002 0.054511 0.009122 0.029369 0.105277 0.016658 0.003158 0.003228 0.011564 0.008973 0.004916 0.002023 0.002665 0.000656 0.000241 0.000873 0.001033 0.000186 0.000049 0.000085 0.002753 0.001858 0.001020 0.000808 
0.041814 0.016514 0.009600 0.005283 0.025136 0.009481 0.002099 0.002228 0.005181 0.001553 0.000602 0.004810 0.009677 0.001256 0.000445 0.000882 0.083325 0.020378 0.010698 0.005550 0.594869 0.049137 0.009385 0.009887 0.043622 0.004670 0.000936 0.000526 0.022194 0.005105 0.001943 0.001316 
0.012900 0.011238 0.008178 0.008119 0.046403 0.061486 0.029300 0.015655 0.084554 0.312712 0.080264 0.044378 0.054100 0.085950 0.028654 0.013414 0.021898 0.030099 0.013766 0.007027 0.004683 0.003591 0.002010 0.001812 0.002249 0.001406 0.000425 0.000299 0.002937 0.003157 0.004601 0.002838 
0.048889 0.198507 0.264194 0.275151 0.028796 0.038663 0.024097 0.021388 0.004995 0.005340 0.002176 0.006485 0.004134 0.002487 0.001253 0.001993 0.004284 0.003978 0.002464 0.003082 0.004250 0.002991 0.001517 0.002242 0.002720 0.001640 0.000769 0.000757 0.007647 0.009067 0.009381 0.014768 
